#user id: [checkin location id list]
User 1: [20, 28, 25, 11, 5, 14, 7, 9, 23, 29, 1, 8, 4, 1, 18, 22, 28, 30]
User 2: [9, 7, 28, 24, 16, 3, 6, 27, 10, 30, 2, 1, 18, 22, 28, 30]
User 3: [30, 26, 23, 24, 12, 17, 14, 25, 10, 9, 20, 28, 18, 15, 29, 1, 18, 21, 22, 28, 30]
User 4: [30, 5, 7, 10, 15, 22, 9, 6, 20, 11, 21, 12, 28, 23, 19, 26, 3, 16, 29, 27, 4, 18, 21, 22, 28]
User 5: [25, 3, 12, 27, 20, 17, 30, 13, 7, 9, 24, 19, 15, 1, 18, 21, 22, 28, 30]
User 6: [27, 20, 17, 16, 23, 19, 30, 18, 15, 7, 14, 4, 3, 8, 21, 26, 22, 2, 9, 24, 6, 1, 18, 22, 30]
User 7: [30, 10, 11, 25, 14, 19, 18, 9, 28, 1, 23, 4, 17, 13, 24, 15, 27, 2, 12, 21, 22, 16, 8, 7, 1, 22, 30]
User 8: [1, 7, 22, 26, 8, 14, 18, 15, 19, 27, 20, 1, 18, 21, 22, 30]
User 9: [28, 24, 21, 23, 30, 17, 10, 6, 19, 11, 1, 20, 3, 26, 18, 2, 8, 13, 9, 15, 7, 5, 22, 27, 16, 14, 1, 18, 21, 30]
User 10: [26, 22, 23, 6, 29, 10, 17, 25, 11, 21, 3, 18, 21, 22, 28, 30]
User 11: [17, 23, 9, 4, 16, 2, 14, 29, 8, 20, 25, 24, 3, 28, 27, 30, 6, 26, 10, 1, 18, 21, 28, 30]
User 12: [4, 14, 19, 8, 28, 13, 6, 18, 22, 10, 24, 25, 21, 26, 9, 27, 29, 11, 12, 2, 3, 16, 1, 18, 21, 22, 28]
User 13: [3, 10, 26, 29, 23, 20, 19, 21, 30, 27, 18, 13, 1, 12, 8, 22, 16, 2, 25, 6, 11, 1, 18, 21, 22, 28]
User 14: [3, 17, 6, 8, 7, 14, 23, 16, 13, 26, 1, 25, 22, 2, 5, 24, 9, 20, 4, 27, 1, 18, 21, 22, 28]
User 15: [7, 16, 6, 17, 20, 3, 2, 15, 28, 30, 27, 9, 22, 8, 21, 1, 13, 29, 4, 23, 19, 18, 26, 14, 24, 11, 25, 10, 1, 18, 22, 28, 30]
User 16: [16, 2, 24, 20, 12, 29, 15, 3, 21, 28, 5, 4, 19, 17, 30, 1, 1, 21, 22, 28, 30]
User 17: [10, 15, 12, 19, 26, 4, 29, 17, 21, 11, 20, 18, 3, 8, 16, 5, 30, 9, 22, 2, 1, 18, 21, 22, 28, 30]
User 18: [3, 27, 7, 25, 13, 5, 17, 11, 23, 16, 6, 10, 24, 12, 2, 4, 29, 1, 21, 22, 30]
User 19: [2, 20, 21, 6, 13, 7, 12, 29, 17, 27, 18, 24, 26, 28, 4, 8, 10, 19, 3, 30, 23, 1, 18, 21, 22, 28, 30]
User 20: [26, 1, 13, 4, 5, 11, 12, 6, 29, 23, 27, 15, 9, 30, 14, 25, 18, 28, 17, 10, 24, 7, 21, 16, 2, 3, 21, 22, 28, 30]
User 21: [7, 23, 16, 3, 30, 19, 26, 28, 29, 22, 21, 10, 24, 12, 18, 13, 2, 1, 18, 21, 22, 28, 30]
User 22: [12, 9, 4, 3, 20, 11, 17, 16, 1, 21, 25, 22, 8, 5, 1, 21, 22, 28]
User 23: [21, 6, 12, 4, 14, 2, 11, 27, 30, 8, 1, 22, 29, 10, 17, 13, 18, 9, 20, 1, 18, 21, 22, 28, 30]
User 24: [13, 26, 27, 19, 14, 12, 11, 23, 7, 8, 18, 5, 9, 29, 1, 18, 22, 28, 30]
User 25: [27, 28, 10, 1, 22, 26, 19, 11, 9, 3, 21, 13, 23, 24, 2, 20, 12, 8, 14, 29, 30, 6, 18, 16, 25, 17, 1, 18, 21, 28, 30]
User 26: [5, 24, 2, 28, 20, 8, 13, 6, 30, 12, 23, 19, 29, 25, 7, 3, 1, 17, 9, 15, 14, 4, 21, 10, 26, 16, 22, 1, 21, 22, 28, 30]
User 27: [11, 8, 19, 24, 30, 2, 25, 16, 18, 13, 9, 22, 14, 26, 15, 6, 3, 17, 27, 7, 23, 29, 28, 1, 22, 28, 30]
User 28: [26, 19, 4, 27, 14, 2, 10, 24, 20, 1, 22, 17, 13, 15, 5, 16, 6, 18, 21, 22]
User 29: [10, 14, 17, 15, 24, 22, 11, 3, 6, 4, 7, 21, 19, 25, 20, 27, 26, 12, 28, 2, 1, 29, 8, 30, 18, 5, 23, 21, 22, 28, 30]
User 30: [16, 7, 24, 2, 11, 9, 12, 22, 23, 29, 30, 25, 3, 28, 21, 15, 27, 19, 20, 17, 13, 8, 5, 10, 26, 14, 4, 1, 18, 21, 22, 28, 30]
User 31: [19, 4, 22, 11, 25, 28, 8, 24, 23, 26, 30, 18, 2, 6, 5, 10, 29, 9, 12, 1, 18, 21, 22, 28]
User 32: [21, 23, 27, 20, 25, 22, 26, 14, 8, 1, 24, 1, 21, 22, 28, 30]
User 33: [21, 6, 11, 10, 27, 28, 5, 1, 8, 30, 2, 22, 12, 23, 25, 24, 1, 18, 22, 28, 30]
User 34: [30, 9, 12, 13, 16, 18, 3, 24, 8, 14, 19, 15, 7, 25, 11, 1, 21, 22, 28]
User 35: [26, 22, 30, 29, 11, 21, 9, 5, 7, 6, 28, 24, 2, 14, 16, 17, 20, 23, 12, 4, 10, 1, 18, 21, 22, 28, 30]
User 36: [17, 26, 27, 20, 19, 4, 8, 23, 9, 29, 30, 10, 16, 22, 12, 28, 3, 11, 5, 6, 21, 25, 24, 18, 7, 1, 2, 1, 21, 22, 30]
User 37: [2, 9, 6, 27, 28, 15, 22, 10, 21, 12, 1, 18, 21, 28]
User 38: [10, 25, 1, 11, 2, 9, 8, 3, 13, 21, 26, 22, 30, 7, 28, 14, 19, 20, 27, 4, 16, 6, 5, 29, 17, 12, 18, 15, 1, 21, 22, 28]
User 39: [26, 24, 9, 23, 15, 1, 11, 30, 18, 7, 29, 6, 8, 2, 19, 25, 16, 14, 20, 5, 4, 27, 13, 3, 28, 1, 28, 30]
User 40: [3, 11, 7, 25, 16, 5, 13, 20, 29, 4, 23, 1, 10, 8, 19, 24, 2, 27, 18, 6, 26, 1, 18, 21, 22, 28, 30]
User 41: [13, 19, 23, 5, 4, 7, 29, 9, 24, 22, 1, 18, 21, 22, 28, 30]
User 42: [5, 2, 12, 7, 18, 16, 9, 10, 25, 30, 1, 18, 21, 22, 28, 30]
User 43: [27, 13, 5, 2, 17, 1, 18, 29, 8, 21, 12, 7, 22, 3, 18, 21, 22, 28, 30]
User 44: [25, 1, 8, 6, 28, 16, 20, 9, 26, 27, 4, 15, 21, 22, 3, 17, 1, 18, 21, 28, 30]
User 45: [8, 27, 3, 15, 17, 23, 14, 18, 9, 2, 25, 11, 4, 21, 28, 24, 1, 6, 19, 12, 22, 30, 16, 13, 5, 10, 20, 26, 1, 18, 21, 28, 30]
User 46: [1, 9, 24, 7, 14, 19, 4, 10, 3, 22, 8, 30, 20, 29, 28, 15, 21, 26, 13, 6, 23, 17, 27, 18, 11, 5, 2, 1, 18, 21, 22, 30]
User 47: [20, 9, 5, 2, 27, 19, 21, 17, 13, 15, 28, 25, 18, 11, 18, 21, 22, 30]
User 48: [10, 2, 7, 30, 20, 5, 21, 16, 29, 18, 6, 13, 23, 1, 28, 25, 8, 9, 27, 19, 4, 15, 14, 1, 18, 28, 30]
User 49: [2, 1, 30, 8, 29, 6, 19, 18, 16, 3, 13, 14, 24, 25, 26, 12, 23, 20, 11, 27, 4, 7, 10, 1, 22, 28, 30]
User 50: [16, 13, 9, 12, 20, 29, 28, 14, 11, 24, 3, 10, 7, 26, 6, 5, 1, 18, 21, 22, 28]
User 51: [11, 5, 17, 24, 26, 12, 7, 2, 8, 30, 22, 15, 1, 20, 28, 1, 18, 21, 22, 28, 30]
User 52: [15, 19, 24, 27, 23, 1, 4, 5, 12, 17, 1, 21, 22, 28, 30]
User 53: [1, 27, 30, 10, 14, 17, 18, 9, 29, 24, 6, 13, 2, 11, 5, 3, 7, 25, 12, 21, 1, 21, 22, 28, 30]
User 54: [13, 18, 27, 19, 16, 23, 21, 1, 15, 20, 8, 28, 24, 14, 6, 30, 10, 3, 7, 25, 17, 2, 5, 1, 18, 22, 28, 30]
User 55: [29, 3, 22, 14, 20, 15, 16, 4, 21, 12, 19, 1, 18, 21, 22, 28]
User 56: [22, 4, 13, 8, 5, 12, 19, 27, 16, 14, 28, 3, 17, 26, 21, 2, 7, 20, 30, 1, 10, 11, 18, 23, 25, 15, 6, 9, 24, 1, 18, 21, 22, 28, 30]
User 57: [14, 2, 24, 13, 27, 28, 10, 22, 3, 15, 19, 4, 8, 18, 21, 22, 30]
User 58: [11, 12, 18, 30, 23, 4, 17, 6, 21, 9, 25, 1, 16, 1, 18, 21, 30]
User 59: [27, 28, 20, 25, 30, 7, 23, 15, 12, 22, 2, 13, 11, 26, 5, 3, 4, 17, 1, 24, 21, 8, 6, 29, 19, 10, 14, 18, 16, 9, 1, 18, 21, 22]
User 60: [29, 27, 13, 12, 25, 16, 9, 2, 19, 5, 4, 21, 15, 6, 14, 1, 20, 1, 18, 21, 22, 28, 30]
User 61: [16, 20, 10, 8, 7, 18, 9, 3, 17, 11, 2, 22, 23, 24, 25, 29, 4, 1, 21, 22, 28, 30]
User 62: [7, 30, 29, 16, 19, 3, 4, 10, 14, 15, 27, 11, 17, 25, 1, 18, 21, 22, 28, 30]
User 63: [25, 12, 17, 28, 24, 2, 13, 7, 10, 19, 6, 3, 5, 1, 21, 22, 28]
User 64: [4, 3, 7, 2, 1, 13, 8, 6, 10, 23, 1, 18, 22, 30]
User 65: [5, 2, 16, 12, 21, 6, 25, 17, 30, 23, 22, 9, 27, 11, 8, 13, 3, 18, 1, 18, 21, 22, 30]
User 66: [2, 3, 20, 22, 13, 26, 25, 4, 7, 12, 10, 30, 5, 14, 29, 6, 21, 8, 1, 18, 21, 28]
User 67: [14, 25, 24, 12, 20, 18, 9, 19, 8, 16, 23, 15, 3, 11, 10, 26, 27, 1, 18, 21, 22, 28, 30]
User 68: [4, 7, 15, 23, 21, 8, 30, 29, 5, 16, 18, 12, 24, 13, 17, 2, 11, 9, 26, 19, 22, 10, 27, 3, 1, 20, 1, 18, 21, 22, 28, 30]
User 69: [17, 4, 7, 26, 25, 22, 28, 5, 18, 20, 23, 29, 10, 21, 13, 24, 14, 8, 3, 11, 19, 9, 16, 6, 1, 2, 12, 15, 1, 18, 21, 22, 28, 30]
User 70: [30, 29, 18, 19, 27, 28, 25, 17, 9, 2, 4, 20, 11, 26, 14, 8, 23, 21, 1, 21, 22, 30]
User 71: [16, 22, 26, 1, 19, 2, 13, 3, 25, 17, 14, 7, 15, 20, 18, 27, 28, 11, 10, 4, 9, 5, 30, 24, 29, 21, 18, 21, 22, 28, 30]
User 72: [13, 25, 18, 15, 12, 14, 6, 2, 3, 22, 20, 16, 30, 10, 24, 4, 19, 5, 26, 7, 8, 23, 11, 1, 29, 9, 1, 18, 21]
User 73: [1, 8, 28, 29, 21, 2, 17, 23, 16, 26, 6, 15, 13, 3, 24, 4, 14, 25, 18, 20, 5, 30, 7, 19, 22, 12, 1, 18, 22, 28, 30]
User 74: [29, 8, 14, 18, 26, 25, 15, 24, 1, 21, 27, 9, 11, 4, 7, 2, 22, 28, 6, 20, 10, 30, 16, 12, 23, 19, 5, 13, 1, 21, 28]
User 75: [30, 10, 20, 29, 5, 6, 25, 9, 24, 27, 22, 23, 28, 21, 26, 4, 2, 14, 3, 13, 17, 18, 21, 22, 28, 30]
User 76: [27, 20, 25, 17, 14, 8, 18, 9, 26, 7, 19, 23, 30, 24, 3, 10, 22, 2, 4, 28, 1, 13, 11, 16, 5, 1, 18, 21, 22, 28]
User 77: [16, 6, 8, 5, 27, 17, 1, 11, 24, 9, 29, 7, 10, 25, 1, 18, 21, 28, 30]
User 78: [24, 17, 10, 13, 15, 29, 27, 26, 21, 22, 9, 3, 8, 30, 19, 5, 4, 7, 11, 18, 25, 28, 23, 12, 1, 18, 21, 22, 28, 30]
User 79: [2, 1, 18, 27, 26, 30, 24, 13, 3, 6, 10, 19, 20, 1, 18, 21, 22, 28]
User 80: [19, 24, 18, 20, 26, 5, 12, 8, 16, 21, 23, 14, 30, 11, 28, 7, 29, 27, 10, 4, 3, 25, 13, 15, 2, 22, 1, 18, 21, 22, 28, 30]
User 81: [24, 18, 23, 17, 12, 28, 8, 13, 4, 22, 3, 5, 21, 26, 6, 7, 9, 11, 15, 16, 30, 2, 27, 29, 20, 19, 1, 18, 21, 22, 28]
User 82: [20, 9, 10, 23, 17, 19, 28, 25, 29, 14, 15, 12, 3, 24, 22, 1, 7, 21, 11, 13, 8, 4, 16, 2, 27, 30, 26, 18, 6, 1, 21, 28, 30]
User 83: [8, 11, 26, 2, 27, 10, 1, 22, 20, 7, 1, 18, 28, 30]
User 84: [12, 13, 14, 27, 21, 26, 17, 30, 22, 29, 10, 28, 7, 25, 15, 16, 5, 19, 6, 1, 20, 24, 23, 2, 11, 9, 8, 3, 4, 18, 1, 18, 21, 22, 28, 30]
User 85: [1, 6, 22, 19, 11, 9, 16, 21, 10, 3, 4, 29, 5, 8, 7, 18, 14, 1, 18, 21, 28, 30]
User 86: [18, 29, 1, 11, 15, 14, 25, 12, 28, 16, 5, 7, 2, 9, 4, 26, 13, 23, 21, 17, 27, 19, 22, 24, 10, 20, 8, 6, 3, 1, 18, 22]
User 87: [2, 7, 16, 11, 3, 19, 26, 6, 5, 29, 12, 21, 14, 8, 13, 25, 22, 24, 28, 20, 9, 1, 27, 10, 18, 4, 23, 30, 1, 21, 22]
User 88: [6, 16, 25, 20, 3, 5, 2, 14, 15, 23, 26, 19, 9, 1, 29, 7, 8, 17, 11, 12, 27, 22, 18, 21, 22, 28]
User 89: [10, 15, 19, 30, 14, 4, 20, 1, 26, 5, 9, 27, 3, 13, 12, 21, 23, 16, 18, 22, 1, 21, 22, 28, 30]
User 90: [27, 1, 7, 15, 10, 26, 2, 25, 4, 19, 22, 9, 8, 13, 6, 30, 29, 14, 21, 22, 28, 30]
User 91: [20, 12, 4, 11, 23, 17, 13, 22, 16, 24, 7, 1, 18, 21, 22, 28]
User 92: [11, 25, 7, 29, 14, 30, 16, 23, 28, 2, 9, 13, 10, 1, 8, 12, 26, 6, 17, 15, 4, 22, 18, 3, 20, 24, 27, 19, 5, 21, 18, 21, 22, 28, 30]
User 93: [18, 16, 3, 10, 30, 21, 4, 15, 6, 11, 22, 14, 9, 13, 17, 12, 29, 28, 7, 24, 27, 25, 19, 2, 26, 1, 18, 22, 28, 30]
User 94: [11, 23, 2, 18, 10, 1, 5, 17, 25, 3, 19, 15, 26, 6, 9, 16, 8, 12, 29, 4, 27, 22, 24, 21, 1, 18, 21, 22, 28, 30]
User 95: [14, 27, 30, 7, 10, 16, 26, 4, 19, 6, 13, 5, 12, 1, 15, 11, 24, 3, 8, 18, 2, 9, 28, 21, 17, 20, 23, 25, 22, 29, 1, 18, 21, 22, 28, 30]
User 96: [2, 21, 19, 5, 20, 1, 6, 9, 13, 4, 30, 22, 15, 26, 10, 28, 24, 8, 25, 27, 3, 14, 11, 1, 18, 21, 28, 30]
User 97: [22, 17, 28, 18, 19, 16, 20, 14, 7, 8, 21, 9, 15, 3, 25, 13, 4, 2, 27, 1, 18, 21, 22, 28, 30]
User 98: [7, 5, 10, 3, 30, 18, 9, 28, 6, 1, 4, 12, 11, 25, 19, 27, 20, 15, 8, 22, 24, 2, 16, 17, 14, 13, 26, 21, 1, 18, 21, 22, 28, 30]
User 99: [10, 17, 23, 21, 11, 4, 24, 2, 26, 13, 27, 7, 25, 22, 28, 19, 6, 16, 15, 14, 18, 8, 1, 18, 21, 22, 28, 30]
User 100: [23, 13, 27, 3, 29, 4, 2, 9, 14, 16, 19, 20, 11, 18, 21, 30, 17, 21, 22, 28, 30]
User 101: [14, 18, 7, 20, 27, 30, 2, 5, 26, 25, 24, 15, 11, 12, 19, 4, 21, 29, 16, 1, 18, 21, 22, 28, 30]
User 102: [6, 25, 8, 30, 11, 26, 22, 24, 5, 28, 7, 29, 10, 4, 15, 18, 12, 20, 21, 19, 16, 9, 13, 14, 17, 2, 23, 3, 1, 18, 21, 22, 28, 30]
User 103: [1, 12, 25, 7, 4, 11, 18, 10, 30, 16, 9, 2, 5, 1, 18, 21, 22, 28, 30]
User 104: [21, 18, 7, 8, 14, 15, 27, 4, 22, 19, 23, 16, 26, 5, 9, 28, 29, 2, 30, 1, 21, 28, 30]
User 105: [23, 20, 22, 1, 9, 16, 29, 27, 2, 3, 18, 22, 30]
User 106: [8, 22, 14, 3, 29, 17, 10, 21, 25, 5, 1, 12, 27, 23, 16, 2, 11, 7, 9, 18, 26, 18, 21, 22, 28, 30]
User 107: [2, 17, 29, 3, 21, 19, 11, 23, 14, 7, 28, 25, 13, 10, 1, 16, 20, 18, 21, 22, 28, 30]
User 108: [26, 1, 23, 15, 19, 28, 3, 29, 6, 5, 14, 9, 22, 1, 18, 21, 22, 28, 30]
User 109: [1, 17, 14, 28, 24, 13, 26, 8, 18, 22, 3, 30, 16, 12, 11, 2, 27, 23, 25, 29, 21, 4, 6, 9, 19, 7, 1, 18, 30]
User 110: [9, 17, 11, 6, 29, 30, 28, 2, 13, 24, 1, 7, 18, 14, 16, 4, 10, 20, 3, 12, 15, 21, 8, 26, 19, 23, 5, 25, 27, 22, 1, 21, 22, 30]
User 111: [7, 19, 6, 3, 20, 14, 22, 9, 18, 1, 16, 26, 10, 25, 30, 17, 18, 21, 22, 30]
User 112: [30, 15, 7, 26, 10, 4, 21, 22, 16, 5, 13, 9, 17, 29, 18, 6, 20, 19, 23, 1, 24, 27, 28, 2, 3, 14, 12, 8, 11, 1, 18, 22, 28, 30]
User 113: [23, 14, 21, 18, 15, 2, 6, 7, 26, 12, 25, 30, 1, 24, 16, 8, 9, 1, 18, 21, 22, 28, 30]
User 114: [16, 7, 12, 15, 8, 10, 18, 27, 1, 25, 19, 5, 2, 13, 23, 3, 26, 29, 21, 22, 11, 28, 20, 6, 17, 30, 14, 1, 18, 21, 22, 28, 30]
User 115: [20, 9, 24, 11, 25, 4, 29, 13, 7, 30, 16, 8, 6, 22, 1, 22, 30]
User 116: [15, 18, 19, 10, 2, 28, 16, 25, 12, 23, 21, 29, 27, 24, 17, 13, 3, 20, 30, 26, 1, 18, 21, 22, 28, 30]
User 117: [4, 26, 16, 29, 30, 27, 19, 11, 28, 7, 13, 12, 1, 18, 21, 22, 28, 30]
User 118: [29, 25, 15, 13, 7, 14, 27, 23, 9, 1, 17, 28, 19, 12, 8, 26, 4, 22, 2, 18, 21, 22, 28, 30]
User 119: [17, 2, 24, 13, 25, 8, 28, 12, 16, 7, 1, 18, 21, 22, 28, 30]
User 120: [20, 25, 14, 5, 6, 27, 7, 29, 8, 13, 4, 22, 21, 28, 26, 16, 11, 24, 2, 17, 1, 19, 30, 1, 18, 21, 22, 28, 30]
User 121: [30, 21, 4, 6, 14, 23, 17, 22, 3, 2, 27, 12, 10, 13, 26, 20, 5, 24, 19, 25, 1, 28, 9, 7, 18, 8, 18, 21, 22, 28, 30]
User 122: [30, 4, 24, 8, 17, 18, 21, 15, 27, 25, 16, 3, 19, 29, 14, 23, 6, 13, 1, 18, 21, 22, 28, 30]
User 123: [18, 29, 11, 3, 8, 13, 4, 24, 10, 7, 26, 19, 28, 14, 1, 18, 21, 22, 28, 30]
User 124: [25, 16, 28, 14, 24, 10, 22, 29, 18, 11, 5, 23, 21, 13, 26, 12, 15, 27, 6, 30, 19, 4, 1, 18, 22, 28, 30]
User 125: [6, 20, 12, 27, 11, 19, 5, 2, 28, 14, 24, 23, 25, 15, 18, 21, 22, 28, 30]
User 126: [22, 10, 23, 4, 25, 13, 24, 7, 19, 12, 14, 30, 26, 5, 2, 11, 28, 3, 20, 27, 18, 21, 22, 28, 30]
User 127: [12, 17, 24, 5, 28, 3, 23, 22, 25, 10, 7, 9, 11, 14, 13, 6, 29, 16, 1, 26, 4, 18, 27, 20, 19, 21, 15, 30, 21, 22, 28, 30]
User 128: [4, 7, 19, 8, 29, 25, 28, 16, 24, 26, 6, 9, 17, 1, 18, 21, 22, 28, 30]
User 129: [4, 26, 18, 22, 1, 17, 10, 9, 16, 24, 2, 5, 1, 18, 22, 28, 30]
User 130: [14, 15, 12, 11, 8, 20, 29, 2, 7, 27, 26, 13, 18, 21, 22, 28, 30]
User 131: [24, 17, 27, 23, 3, 29, 11, 19, 15, 16, 30, 6, 2, 8, 10, 18, 14, 9, 5, 21, 22, 20, 12, 25, 7, 1, 28, 1, 18, 21, 22, 28, 30]
User 132: [8, 15, 3, 27, 22, 20, 11, 26, 7, 17, 18, 29, 24, 1, 21, 22, 28]
User 133: [25, 21, 19, 23, 20, 12, 27, 1, 24, 2, 29, 15, 14, 16, 28, 30, 5, 4, 11, 1, 18, 22, 30]
User 134: [15, 25, 24, 21, 11, 5, 4, 8, 27, 10, 1, 18, 21, 22, 28]
User 135: [20, 19, 13, 21, 14, 25, 10, 5, 11, 24, 18, 16, 28, 7, 27, 15, 3, 22, 2, 4, 30, 8, 9, 6, 1, 26, 29, 23, 17, 12, 1, 18, 30]
User 136: [1, 3, 6, 13, 9, 15, 17, 22, 18, 14, 11, 19, 28, 30, 24, 16, 2, 25, 4, 29, 27, 8, 12, 10, 7, 21, 5, 20, 1, 21, 22, 28, 30]
User 137: [15, 25, 1, 2, 4, 23, 9, 22, 7, 19, 17, 5, 3, 27, 24, 29, 18, 12, 21, 6, 13, 8, 1, 18, 22, 28, 30]
User 138: [23, 30, 15, 19, 21, 28, 11, 9, 25, 2, 1, 8, 13, 18, 7, 26, 24, 6, 27, 3, 5, 22, 17, 12, 4, 20, 14, 16, 10, 29, 1, 21, 22, 28, 30]
User 139: [6, 2, 8, 3, 18, 27, 24, 30, 29, 13, 22, 12, 23, 25, 16, 1, 10, 19, 20, 28, 7, 11, 5, 26, 21, 14, 9, 4, 15, 1, 21, 22, 28, 30]
User 140: [22, 27, 21, 6, 24, 11, 15, 26, 4, 16, 1, 25, 30, 8, 5, 13, 20, 19, 3, 23, 2, 7, 18, 22, 28, 30]
User 141: [23, 13, 2, 30, 21, 18, 9, 12, 4, 10, 3, 29, 5, 19, 28, 18, 22, 28, 30]
User 142: [8, 27, 3, 26, 14, 1, 23, 22, 25, 28, 20, 30, 4, 5, 29, 11, 2, 16, 15, 13, 18, 6, 1, 18, 21, 22, 28, 30]
User 143: [22, 14, 16, 23, 5, 12, 21, 9, 2, 18, 30, 19, 1, 18, 21, 22, 28, 30]
User 144: [8, 18, 22, 21, 15, 28, 7, 6, 4, 25, 19, 3, 12, 24, 9, 29, 13, 20, 2, 11, 30, 14, 10, 27, 16, 17, 1, 23, 5, 1, 18, 22, 30]
User 145: [2, 6, 24, 23, 18, 7, 21, 19, 1, 22, 17, 30, 12, 25, 13, 28, 3, 26, 10, 29, 27, 8, 14, 1, 18, 21, 22, 28]
User 146: [6, 21, 30, 15, 8, 14, 3, 2, 20, 29, 7, 22, 11, 26, 16, 18, 10, 4, 28, 13, 27, 5, 23, 1, 12, 1, 18, 22, 28]
User 147: [14, 7, 3, 12, 20, 30, 23, 28, 10, 4, 27, 8, 17, 22, 29, 1, 18, 11, 6, 15, 9, 25, 13, 26, 1, 18, 21, 28, 30]
User 148: [14, 19, 26, 2, 12, 28, 25, 8, 5, 29, 1, 27, 16, 23, 20, 30, 4, 13, 6, 15, 11, 3, 7, 9, 10, 21, 17, 18, 24, 1, 21, 22, 28, 30]
User 149: [23, 19, 1, 27, 29, 14, 24, 6, 22, 28, 30, 3, 21, 4, 2, 13, 9, 17, 11, 26, 18, 7, 8, 20, 12, 25, 16, 10, 15, 1, 18, 21, 28, 30]
User 150: [7, 25, 19, 9, 21, 13, 28, 22, 26, 8, 1, 18, 22, 28, 30]
User 151: [1, 25, 18, 15, 30, 24, 11, 17, 23, 16, 10, 3, 27, 20, 7, 1, 18, 21, 22, 28, 30]
User 152: [3, 8, 7, 15, 22, 13, 30, 6, 23, 19, 12, 28, 25, 11, 5, 10, 20, 21, 18, 1, 18, 21, 28, 30]
User 153: [22, 18, 19, 3, 15, 14, 1, 26, 20, 28, 16, 23, 24, 11, 30, 10, 8, 13, 7, 6, 2, 21, 25, 27, 18, 21, 22, 28]
User 154: [1, 23, 21, 7, 27, 8, 20, 4, 22, 16, 17, 24, 28, 29, 9, 3, 18, 26, 15, 19, 6, 5, 10, 12, 14, 2, 11, 13, 30, 25, 1, 18, 21, 22, 28]
User 155: [4, 2, 23, 20, 19, 17, 29, 1, 28, 5, 1, 18, 21, 22, 28, 30]
User 156: [21, 16, 18, 20, 23, 28, 13, 2, 8, 9, 17, 29, 6, 10, 30, 7, 4, 21, 22]
User 157: [21, 10, 9, 29, 23, 17, 16, 24, 1, 20, 6, 5, 19, 12, 14, 8, 18, 26, 27, 22, 15, 2, 25, 11, 7, 3, 30, 28, 4, 1, 18, 21, 22, 28, 30]
User 158: [15, 14, 29, 16, 28, 11, 21, 7, 17, 12, 23, 19, 6, 20, 10, 22, 25, 24, 1, 2, 26, 4, 18, 9, 18, 22, 28, 30]
User 159: [16, 25, 14, 23, 13, 20, 9, 4, 19, 29, 3, 24, 26, 27, 8, 22, 1, 18, 21, 22, 30]
User 160: [19, 28, 13, 21, 3, 25, 27, 4, 1, 11, 24, 29, 9, 30, 16, 23, 20, 5, 12, 15, 18, 14, 10, 22, 2, 1, 21, 22, 28]
User 161: [10, 5, 8, 14, 2, 6, 4, 11, 20, 25, 21, 26, 29, 1, 18, 22, 28, 30]
User 162: [20, 15, 13, 18, 14, 28, 12, 9, 16, 23, 8, 22, 1, 10, 5, 6, 2, 11, 26, 1, 21, 28, 30]
User 163: [15, 11, 4, 18, 3, 13, 20, 16, 12, 23, 21, 9, 1, 7, 29, 28, 26, 24, 2, 25, 17, 14, 6, 30, 19, 21, 28, 30]
User 164: [19, 24, 26, 6, 16, 15, 10, 13, 3, 7, 22, 30, 27, 11, 25, 23, 1, 29, 4, 18, 12, 17, 8, 1, 18, 22, 28, 30]
User 165: [17, 10, 2, 30, 27, 4, 24, 28, 21, 5, 8, 19, 26, 15, 25, 1, 22, 9, 23, 16, 7, 3, 1, 18, 21, 22, 28]
User 166: [21, 23, 16, 29, 9, 25, 8, 19, 12, 13, 30, 18, 21, 28, 30]
User 167: [20, 27, 9, 8, 7, 29, 16, 26, 2, 1, 11, 14, 21, 6, 19, 12, 3, 18, 4, 28, 23, 22, 5, 10, 24, 30, 25, 17, 13, 1, 22, 28, 30]
User 168: [23, 10, 17, 30, 18, 24, 2, 25, 29, 13, 19, 20, 27, 5, 1, 4, 15, 26, 6, 14, 8, 16, 7, 1, 18, 21, 22, 28, 30]
User 169: [5, 17, 6, 16, 2, 9, 23, 27, 25, 20, 4, 19, 28, 14, 15, 22, 11, 18, 26, 1, 12, 30, 24, 13, 8, 10, 3, 21, 1, 21, 28, 30]
User 170: [1, 18, 7, 29, 14, 6, 3, 20, 25, 4, 21, 9, 22, 15, 19, 8, 10, 17, 2, 13, 5, 23, 16, 27, 30, 24, 26, 1, 21, 22, 30]
User 171: [5, 22, 20, 15, 30, 2, 1, 6, 26, 4, 19, 28, 17, 24, 16, 12, 3, 14, 18, 7, 1, 18, 21, 22, 28, 30]
User 172: [22, 23, 24, 15, 14, 13, 9, 1, 11, 21, 8, 18, 29, 5, 1, 18, 21, 22, 28, 30]
User 173: [23, 14, 28, 2, 25, 16, 4, 11, 1, 10, 17, 19, 30, 21, 18, 3, 22, 5, 26, 15, 13, 24, 18, 21, 22, 28, 30]
User 174: [29, 27, 10, 21, 11, 20, 28, 4, 18, 30, 22, 9, 16, 24, 5, 19, 6, 14, 23, 13, 26, 7, 15, 3, 1, 21, 30]
User 175: [29, 14, 27, 2, 20, 19, 16, 13, 21, 3, 23, 1, 21, 28, 30]
User 176: [6, 28, 29, 17, 10, 22, 18, 9, 4, 21, 13, 11, 16, 3, 20, 1, 18, 21, 22, 30]
User 177: [25, 3, 30, 4, 26, 18, 13, 11, 28, 22, 5, 6, 15, 9, 24, 12, 20, 23, 10, 7, 8, 1, 14, 2, 21, 1, 18, 21, 22, 28, 30]
User 178: [5, 10, 29, 2, 3, 4, 7, 17, 22, 6, 21, 20, 15, 23, 27, 19, 1, 18, 21, 30]
User 179: [30, 7, 3, 22, 27, 11, 24, 6, 20, 10, 1, 18, 21, 22, 28]
User 180: [8, 12, 16, 7, 21, 2, 19, 18, 24, 20, 14, 15, 10, 6, 22, 25, 3, 11, 13, 27, 1, 18, 21, 22, 28, 30]
User 181: [25, 28, 1, 16, 23, 20, 18, 13, 15, 12, 1, 18, 22, 28, 30]
User 182: [24, 17, 20, 5, 9, 22, 1, 4, 3, 28, 6, 12, 19, 1, 18, 21, 22, 30]
User 183: [21, 7, 3, 5, 4, 12, 1, 11, 28, 13, 18, 14, 8, 15, 24, 17, 19, 26, 29, 20, 25, 16, 27, 2, 23, 9, 6, 10, 30, 22, 1, 18, 21, 22, 28, 30]
User 184: [1, 15, 24, 25, 5, 19, 13, 7, 4, 17, 6, 29, 22, 2, 12, 30, 9, 21, 18, 23, 10, 8, 16, 11, 3, 27, 18, 21, 28, 30]
User 185: [30, 16, 7, 3, 25, 15, 21, 8, 19, 1, 9, 29, 4, 23, 22, 10, 2, 24, 14, 26, 28, 1, 18, 21, 22, 28]
User 186: [13, 6, 22, 19, 1, 29, 24, 2, 30, 15, 1, 18, 21, 22, 30]
User 187: [23, 28, 11, 3, 13, 8, 18, 12, 30, 27, 2, 22, 1, 17, 16, 25, 10, 7, 14, 15, 20, 6, 4, 9, 24, 21, 1, 21, 22, 28, 30]
User 188: [15, 24, 28, 3, 27, 23, 8, 21, 1, 10, 2, 6, 17, 1, 18, 21, 22, 30]
User 189: [30, 1, 8, 2, 11, 27, 22, 16, 24, 15, 25, 5, 19, 21, 3, 6, 26, 4, 28, 29, 13, 7, 1, 18, 21, 28]
User 190: [5, 9, 30, 13, 23, 16, 14, 1, 22, 10, 4, 7, 6, 12, 1, 18, 21, 22, 30]
User 191: [13, 15, 23, 14, 4, 9, 12, 6, 20, 16, 30, 24, 18, 28, 7, 19, 17, 8, 3, 25, 5, 21, 29, 1, 21, 22, 28]
User 192: [6, 11, 7, 13, 10, 30, 5, 14, 20, 29, 12, 9, 4, 28, 21, 26, 16, 3, 8, 2, 1, 18, 21, 22, 28]
User 193: [30, 9, 4, 8, 15, 13, 11, 10, 28, 20, 19, 27, 5, 29, 1, 21, 22, 28, 30]
User 194: [12, 21, 15, 9, 11, 27, 1, 20, 28, 6, 19, 18, 5, 1, 18, 21, 22, 28, 30]
User 195: [23, 27, 6, 29, 4, 12, 15, 30, 24, 28, 25, 21, 3, 1, 17, 26, 22, 5, 16, 2, 13, 11, 18, 7, 9, 19, 10, 14, 21, 30]
User 196: [9, 16, 17, 1, 23, 2, 13, 10, 28, 11, 15, 5, 3, 30, 24, 18, 6, 8, 26, 25, 12, 19, 21, 7, 27, 14, 22, 4, 1, 18, 21, 22, 28, 30]
User 197: [11, 25, 16, 6, 12, 9, 27, 4, 7, 22, 1, 15, 26, 24, 21, 10, 23, 19, 29, 2, 8, 30, 5, 14, 13, 3, 18, 28, 20, 1, 18, 21, 22, 28, 30]
User 198: [12, 3, 23, 17, 21, 18, 8, 7, 1, 30, 13, 20, 22, 4, 16, 24, 6, 28, 9, 11, 5, 27, 2, 29, 26, 14, 19, 1, 18, 22]
User 199: [24, 9, 6, 7, 2, 29, 5, 15, 16, 27, 1, 8, 13, 20, 3, 17, 10, 12, 19, 11, 1, 21, 28, 30]
User 200: [18, 9, 29, 26, 30, 12, 19, 22, 2, 14, 28, 6, 10, 21, 20, 5, 4, 15, 18, 21, 22, 28, 30]
User 201: [28, 16, 17, 12, 22, 20, 23, 1, 24, 11, 6, 7, 19, 26, 5, 30, 13, 1, 18, 21, 22, 28, 30]
User 202: [17, 6, 14, 27, 12, 29, 2, 18, 28, 21, 1, 18, 21, 22, 30]
User 203: [1, 24, 3, 29, 18, 19, 15, 13, 17, 21, 26, 8, 10, 23, 12, 25, 11, 1, 18, 21, 22, 28, 30]
User 204: [5, 4, 8, 18, 7, 23, 30, 6, 21, 16, 12, 17, 24, 27, 14, 1, 18, 22, 28, 30]
User 205: [15, 20, 5, 17, 1, 21, 6, 28, 26, 14, 18, 21, 28, 30]
User 206: [23, 15, 4, 17, 6, 27, 14, 28, 1, 21, 30, 11, 9, 8, 7, 25, 12, 5, 1, 18, 21, 28, 30]
User 207: [14, 12, 9, 3, 13, 21, 4, 1, 18, 28, 8, 10, 24, 26, 30, 6, 7, 11, 23, 19, 22, 1, 22, 28, 30]
User 208: [9, 14, 29, 17, 21, 4, 26, 8, 18, 12, 13, 2, 15, 28, 24, 22, 1, 21, 22, 28, 30]
User 209: [5, 19, 16, 6, 25, 18, 17, 14, 2, 24, 10, 1, 18, 21, 22, 28, 30]
User 210: [9, 24, 26, 8, 15, 1, 21, 14, 4, 10, 25, 20, 11, 23, 16, 5, 22, 13, 12, 19, 1, 18, 21, 22, 28, 30]
User 211: [23, 25, 18, 22, 17, 16, 28, 14, 19, 21, 1, 13, 7, 9, 11, 6, 27, 15, 10, 3, 4, 26, 12, 29, 30, 8, 1, 18, 21, 22, 28]
User 212: [4, 11, 17, 10, 15, 28, 19, 13, 27, 24, 3, 12, 29, 5, 26, 25, 21, 16, 2, 30, 6, 9, 14, 22, 23, 7, 18, 1, 20, 8, 1, 18, 21, 28, 30]
User 213: [3, 21, 8, 6, 24, 27, 1, 14, 10, 9, 1, 18, 21, 28, 30]
User 214: [29, 18, 22, 6, 26, 12, 8, 30, 28, 27, 24, 4, 3, 25, 19, 11, 10, 1, 18, 21, 22, 28, 30]
User 215: [19, 26, 28, 12, 30, 18, 1, 9, 21, 5, 1, 18, 21, 22, 28, 30]
User 216: [5, 20, 22, 9, 24, 15, 12, 3, 8, 16, 2, 14, 1, 18, 21, 22, 28]
User 217: [26, 22, 3, 6, 25, 4, 28, 17, 15, 10, 9, 5, 18, 21, 16, 14, 20, 12, 2, 19, 11, 8, 7, 1, 18, 22, 28, 30]
User 218: [13, 16, 23, 10, 4, 25, 17, 28, 18, 8, 1, 30, 27, 11, 14, 2, 7, 3, 12, 22, 1, 18, 22, 30]
User 219: [23, 30, 2, 13, 8, 19, 6, 11, 9, 20, 7, 16, 25, 22, 5, 15, 28, 21, 18, 24, 1, 18, 21, 22, 28, 30]
User 220: [30, 14, 5, 23, 13, 16, 10, 11, 29, 3, 21, 22, 27, 8, 24, 26, 4, 15, 25, 12, 2, 1, 19, 17, 7, 6, 18, 28, 20, 9, 18, 21, 22, 28, 30]
User 221: [29, 12, 21, 2, 7, 18, 9, 20, 17, 27, 26, 3, 4, 1, 21, 28, 30]
User 222: [4, 3, 28, 2, 18, 10, 12, 30, 9, 16, 17, 11, 21, 5, 13, 6, 14, 8, 15, 25, 20, 23, 27, 19, 1, 18, 21, 22, 28, 30]
User 223: [30, 3, 22, 5, 8, 25, 26, 10, 6, 11, 13, 16, 21, 12, 29, 4, 17, 19, 1, 27, 20, 28, 24, 2, 15, 23, 14, 18, 7, 1, 18, 22, 28, 30]
User 224: [18, 25, 14, 19, 1, 21, 16, 10, 5, 3, 7, 20, 11, 30, 29, 22, 23, 28, 15, 6, 8, 13, 26, 9, 1, 18, 21, 22, 28, 30]
User 225: [15, 9, 26, 3, 11, 14, 30, 2, 10, 29, 7, 13, 28, 4, 1, 8, 6, 22, 20, 21, 12, 23, 16, 18, 5, 24, 25, 19, 1, 18, 21, 22, 28, 30]
User 226: [16, 21, 11, 18, 12, 28, 14, 6, 25, 30, 13, 29, 8, 10, 1, 18, 21, 22, 28, 30]
User 227: [28, 13, 22, 4, 24, 3, 19, 5, 9, 29, 6, 21, 7, 27, 10, 20, 26, 15, 16, 23, 1, 18, 21, 22]
User 228: [9, 23, 4, 28, 26, 20, 17, 19, 29, 8, 12, 6, 21, 25, 14, 15, 10, 27, 16, 1, 18, 21, 28, 30]
User 229: [27, 24, 1, 20, 2, 4, 12, 25, 23, 17, 22, 21, 14, 15, 30, 11, 5, 18, 13, 9, 18, 21, 22, 28, 30]
User 230: [16, 25, 23, 10, 27, 6, 12, 4, 28, 22, 13, 29, 21, 1, 21, 22, 28]
User 231: [3, 21, 25, 22, 5, 13, 28, 6, 14, 2, 26, 7, 16, 24, 23, 20, 9, 19, 8, 30, 18, 4, 12, 27, 1, 18, 21, 28]
User 232: [5, 16, 29, 8, 24, 21, 17, 25, 3, 7, 15, 18, 26, 11, 23, 22, 1, 10, 9, 18, 21, 22, 28, 30]
User 233: [26, 16, 13, 20, 28, 22, 12, 8, 17, 10, 1, 25, 23, 21, 3, 4, 19, 14, 27, 29, 15, 9, 5, 2, 7, 30, 24, 18, 11, 1, 22, 28]
User 234: [7, 18, 16, 26, 9, 1, 29, 10, 19, 21, 20, 23, 3, 1, 21, 22, 30]
User 235: [16, 3, 23, 7, 11, 20, 6, 28, 30, 13, 2, 1, 21, 29, 14, 17, 8, 25, 4, 19, 15, 27, 26, 22, 1, 18, 21, 22, 28, 30]
User 236: [10, 7, 22, 24, 14, 29, 20, 1, 23, 30, 1, 18, 21, 22, 28, 30]
User 237: [12, 1, 29, 10, 23, 19, 27, 7, 25, 21, 8, 26, 3, 11, 22, 24, 17, 4, 9, 2, 18, 28, 1, 18, 21, 22, 28, 30]
User 238: [24, 5, 18, 26, 8, 23, 20, 27, 19, 9, 17, 11, 10, 18, 21, 22, 28, 30]
User 239: [17, 9, 28, 26, 6, 22, 23, 12, 18, 27, 20, 4, 7, 24, 16, 1, 18, 21, 22, 28, 30]
User 240: [2, 3, 27, 24, 18, 25, 22, 5, 14, 4, 23, 17, 15, 16, 10, 6, 1, 1, 18, 21, 30]
User 241: [9, 7, 4, 26, 12, 18, 10, 28, 23, 1, 25, 15, 21, 20, 3, 1, 18]
User 242: [16, 4, 1, 29, 2, 7, 12, 17, 8, 5, 22, 13, 23, 26, 14, 15, 10, 20, 19, 30, 18, 21, 22, 28, 30]
User 243: [20, 18, 6, 10, 21, 22, 2, 26, 13, 3, 4, 16, 25, 19, 12, 11, 24, 5, 30, 27, 14, 9, 1, 18, 21, 22, 28, 30]
User 244: [17, 6, 24, 20, 1, 25, 11, 10, 21, 18, 12, 19, 22, 15, 28, 8, 27, 3, 13, 7, 1, 18, 21, 22, 28, 30]
User 245: [18, 25, 14, 16, 19, 2, 5, 29, 10, 8, 27, 4, 15, 7, 28, 18, 21, 22, 28, 30]
User 246: [22, 17, 6, 8, 23, 29, 10, 18, 2, 5, 15, 28, 3, 21, 9, 14, 16, 18, 21, 22, 28, 30]
User 247: [8, 3, 5, 4, 6, 29, 11, 18, 16, 30, 21, 27, 24, 1, 15, 28, 20, 22, 26, 10, 9, 2, 7, 12, 19, 13, 23, 1, 18, 21, 22, 28, 30]
User 248: [30, 16, 25, 4, 9, 1, 2, 18, 7, 24, 11, 21, 29, 20, 23, 6, 15, 3, 26, 17, 10, 19, 13, 14, 12, 28, 27, 5, 22, 1, 18, 21, 22, 28]
User 249: [17, 25, 1, 18, 15, 6, 14, 11, 9, 29, 5, 8, 12, 2, 19, 20, 7, 24, 23, 28, 16, 30, 10, 21, 1, 18, 21, 22, 28, 30]
User 250: [30, 19, 2, 29, 9, 11, 23, 6, 10, 26, 3, 4, 8, 5, 17, 18, 22, 28, 30]
User 251: [19, 11, 7, 29, 3, 10, 9, 14, 17, 25, 24, 21, 1, 12, 8, 15, 13, 18, 5, 6, 28, 2, 26, 27, 30, 16, 4, 20, 1, 18, 21, 22, 28, 30]
User 252: [23, 3, 14, 7, 30, 9, 4, 17, 18, 29, 25, 1, 22, 28, 30]
User 253: [9, 18, 29, 19, 30, 8, 23, 4, 5, 7, 27, 16, 11, 20, 28, 6, 26, 22, 24, 12, 10, 13, 2, 25, 21, 15, 1, 3, 1, 18, 21, 22, 28, 30]
User 254: [14, 10, 18, 16, 6, 3, 8, 19, 21, 5, 7, 27, 24, 13, 2, 15, 4, 20, 28, 12, 1, 18, 21, 22, 28, 30]
User 255: [17, 23, 14, 4, 3, 28, 9, 16, 30, 15, 1, 22, 10, 8, 1, 18, 21, 22, 28, 30]
User 256: [3, 9, 7, 15, 17, 25, 4, 22, 23, 29, 19, 5, 28, 12, 6, 21, 20, 24, 1, 18, 21, 22, 28, 30]
User 257: [7, 16, 19, 12, 11, 23, 25, 9, 18, 24, 22, 21, 6, 3, 28, 27, 15, 14, 1, 26, 30, 13, 17, 4, 2, 20, 1, 18, 21, 22, 28, 30]
User 258: [27, 12, 16, 4, 14, 10, 2, 19, 20, 21, 18, 22, 28, 30]
User 259: [27, 18, 20, 21, 16, 30, 22, 13, 6, 1, 23, 1, 18, 22, 28, 30]
User 260: [7, 8, 25, 17, 2, 29, 12, 27, 15, 28, 26, 1, 18, 9, 14, 6, 16, 13, 24, 1, 18, 21, 28, 30]
User 261: [6, 19, 8, 25, 15, 20, 11, 5, 23, 22, 10, 21, 24, 26, 17, 27, 18, 28, 13, 4, 2, 12, 7, 3, 29, 14, 1, 16, 9, 18, 21, 22, 28, 30]
User 262: [22, 4, 5, 9, 8, 17, 7, 29, 27, 23, 19, 11, 1, 25, 21, 1, 21, 22, 28, 30]
User 263: [3, 26, 18, 5, 23, 15, 11, 29, 2, 25, 21, 7, 8, 30, 9, 1, 12, 1, 18, 21, 22, 28]
User 264: [4, 9, 17, 21, 11, 15, 29, 26, 16, 8, 28, 1, 18, 22, 28, 30]
User 265: [16, 4, 7, 24, 12, 21, 30, 2, 3, 17, 5, 1, 15, 29, 26, 28, 22, 25, 9, 10, 11, 19, 14, 18, 6, 8, 13, 1, 21, 22, 28, 30]
User 266: [8, 7, 3, 28, 5, 24, 10, 21, 14, 4, 17, 30, 13, 20, 29, 15, 19, 23, 11, 12, 25, 6, 1, 21, 28, 30]
User 267: [28, 12, 21, 14, 3, 24, 27, 25, 18, 7, 11, 16, 4, 8, 2, 17, 5, 30, 15, 10, 26, 1, 18, 21, 22, 28, 30]
User 268: [24, 28, 9, 15, 22, 10, 2, 25, 29, 6, 19, 14, 21, 17, 26, 13, 1, 18, 21, 22, 30]
User 269: [18, 24, 19, 7, 30, 27, 21, 22, 5, 15, 16, 9, 17, 28, 26, 3, 11, 12, 6, 4, 23, 14, 13, 10, 8, 20, 1, 25, 2, 1, 18, 22, 28]
User 270: [16, 6, 11, 2, 30, 3, 9, 24, 15, 18, 28, 27, 19, 29, 23, 5, 7, 12, 4, 13, 21, 22, 8, 14, 1, 18, 21, 22, 28, 30]
User 271: [11, 30, 12, 24, 28, 13, 20, 10, 9, 17, 21, 27, 29, 22, 19, 23, 8, 25, 15, 26, 4, 16, 1, 3, 5, 14, 2, 7, 18, 1, 18, 28]
User 272: [8, 16, 19, 21, 11, 15, 26, 1, 30, 22, 14, 3, 23, 17, 29, 4, 25, 20, 9, 6, 12, 27, 1, 18, 21, 22, 28, 30]
User 273: [5, 9, 14, 15, 29, 21, 22, 19, 10, 12, 27, 2, 1, 18, 21, 22, 28]
User 274: [20, 15, 7, 18, 13, 10, 26, 28, 11, 2, 3, 22, 6, 30, 4, 19, 12, 9, 14, 16, 25, 27, 5, 8, 23, 29, 24, 1, 1, 18, 21, 22, 28, 30]
User 275: [18, 9, 24, 21, 4, 30, 29, 26, 27, 16, 19, 10, 23, 2, 25, 7, 1, 12, 28, 1, 18, 21, 30]
User 276: [29, 7, 19, 8, 9, 18, 11, 21, 3, 26, 20, 25, 27, 1, 15, 4, 18, 22, 28, 30]
User 277: [21, 1, 11, 3, 27, 7, 10, 9, 16, 20, 29, 26, 30, 15, 2, 23, 19, 8, 18, 6, 22, 13, 18, 21, 22, 28]
User 278: [3, 2, 27, 5, 9, 11, 1, 29, 23, 17, 26, 1, 18, 21, 22, 30]
User 279: [22, 10, 4, 28, 9, 7, 5, 21, 8, 20, 6, 14, 3, 18, 27, 13, 17, 26, 15, 24, 1, 18, 21, 22, 28, 30]
User 280: [6, 24, 18, 21, 9, 12, 15, 20, 26, 7, 11, 29, 8, 17, 25, 30, 14, 13, 16, 27, 23, 1, 10, 28, 2, 18, 21, 28]
User 281: [6, 7, 4, 14, 19, 2, 13, 15, 25, 1, 17, 22, 10, 23, 27, 30, 9, 16, 18, 29, 20, 3, 18, 21, 22, 28, 30]
User 282: [25, 11, 16, 3, 18, 8, 9, 28, 20, 29, 4, 14, 17, 12, 18, 21, 28, 30]
User 283: [10, 4, 9, 14, 15, 26, 29, 16, 7, 2, 6, 1, 18, 22, 28, 30]
User 284: [12, 19, 10, 7, 1, 24, 25, 27, 22, 8, 16, 13, 9, 26, 2, 3, 29, 17, 6, 14, 28, 11, 1, 18, 21, 22, 28, 30]
User 285: [18, 2, 8, 1, 15, 23, 30, 16, 22, 3, 7, 4, 14, 19, 26, 20, 11, 10, 24, 13, 6, 5, 27, 9, 25, 28, 29, 18, 22, 28, 30]
User 286: [22, 14, 10, 1, 15, 19, 9, 5, 11, 4, 20, 16, 8, 23, 3, 7, 27, 30, 26, 12, 17, 13, 2, 24, 6, 18, 21, 18, 21, 22, 28]
User 287: [16, 1, 2, 25, 11, 15, 22, 5, 23, 24, 12, 30, 26, 4, 14, 29, 20, 6, 9, 18, 28, 8, 7, 21, 3, 10, 17, 1, 21, 22]
User 288: [21, 29, 2, 23, 22, 27, 30, 12, 14, 25, 24, 26, 3, 6, 1, 7, 4, 18, 15, 9, 17, 28, 16, 11, 20, 1, 22, 30]
User 289: [19, 30, 18, 1, 27, 23, 8, 25, 29, 10, 16, 9, 7, 20, 12, 13, 14, 24, 6, 21, 17, 15, 11, 28, 26, 4, 1, 18, 22, 28, 30]
User 290: [14, 8, 7, 6, 19, 26, 1, 25, 2, 9, 1, 18, 21, 22, 28, 30]
User 291: [4, 23, 5, 7, 19, 21, 13, 10, 8, 15, 22, 28, 29, 9, 3, 17, 30, 11, 12, 25, 18, 1, 2, 16, 20, 6, 14, 26, 27, 1, 18, 21, 22, 28, 30]
User 292: [23, 22, 13, 27, 14, 12, 6, 16, 21, 2, 29, 24, 10, 30, 18, 21, 30]
User 293: [3, 11, 7, 20, 16, 30, 29, 1, 27, 26, 28, 18, 5, 23, 6, 15, 4, 10, 19, 22, 9, 12, 24, 13, 14, 18, 21, 22, 28]
User 294: [2, 24, 28, 11, 8, 10, 18, 5, 26, 4, 1, 18, 28, 30]
User 295: [5, 11, 21, 10, 19, 28, 22, 23, 17, 20, 18, 21, 28]
User 296: [15, 10, 12, 7, 11, 8, 23, 17, 29, 27, 16, 25, 1, 22, 28, 30]
User 297: [26, 1, 4, 6, 2, 11, 14, 30, 8, 21, 25, 13, 18, 20, 15, 9, 7, 29, 1, 18, 21, 28, 30]
User 298: [14, 28, 8, 30, 13, 10, 25, 21, 1, 19, 15, 26, 24, 1, 18, 21, 28, 30]
User 299: [8, 28, 3, 25, 12, 11, 18, 16, 26, 10, 24, 19, 7, 30, 21, 27, 22, 1, 14, 15, 17, 9, 5, 6, 23, 1, 18, 22, 28, 30]
User 300: [25, 7, 26, 18, 9, 16, 21, 4, 6, 12, 20, 10, 23, 19, 27, 14, 13, 1, 3, 2, 11, 22, 15, 30, 28, 24, 5, 8, 17, 29, 1, 18, 21, 28, 30]
