#user id: [friends id list]
0: [6, 29, 31, 46, 51, 53, 61]
1: [43, 45, 47, 58, 86, 97]
2: [13, 46, 55, 57, 73, 89]
3: [18, 23, 37, 87, 100]
4: [31, 50, 57, 59, 97]
5: [8, 34, 38, 51, 93, 97, 181]
6: [0, 13, 21, 30, 63, 79, 91, 97]
7: [8, 27]
8: [5, 7, 44, 72]
9: [16]
10: [29, 62, 96]
11: [16, 25, 32, 67, 80, 91, 94]
12: [14, 34, 35, 70]
13: [2, 6, 20, 32, 47, 49, 89, 93]
14: [12, 63, 89, 238]
15: [35, 81, 91, 92]
16: [9, 11, 17, 33]
17: [16, 30, 43, 76, 91]
18: [3, 42, 54, 57, 63, 100]
19: [33, 54, 74, 288]
20: [13, 22, 33, 35, 50, 93, 100]
21: [6, 27, 38, 49, 65]
22: [20, 43, 53, 84, 85, 93]
23: [3, 59, 66, 96, 100]
24: [75, 91, 230]
25: [11, 47, 68, 76, 79]
26: [82, 87, 100]
27: [7, 21, 50, 91, 92, 99]
28: [57, 59, 69, 84]
29: [0, 10, 40, 48, 57, 67, 68, 77, 91]
30: [6, 17, 37, 62, 79, 99]
31: [0, 4, 39, 52, 89, 98]
32: [11, 13, 54, 67, 78, 202]
33: [16, 19, 20, 43, 54, 55]
34: [5, 12, 54, 57, 58, 67, 81, 93]
35: [12, 15, 20, 50, 64, 68, 69, 98]
36: [44, 52, 54, 62, 79, 91]
37: [3, 30, 82]
38: [5, 21, 40, 82]
39: [31, 76]
40: [29, 38, 47, 48, 69, 70, 86, 90]
41: [47, 55]
42: [18, 44, 47, 55, 62, 82]
43: [1, 17, 22, 33, 67, 72, 90, 98]
44: [8, 36, 42, 55, 69]
45: [1, 90]
46: [0, 2, 75, 84, 85, 209]
47: [1, 13, 25, 40, 41, 42, 66, 98, 99]
48: [29, 40, 51, 68, 73]
49: [13, 21, 66, 93, 97, 283]
50: [4, 20, 27, 35]
51: [0, 5, 48, 85]
52: [31, 36, 62, 86, 92]
53: [0, 22, 100]
54: [18, 19, 32, 33, 34, 36, 57, 61, 67, 78]
55: [2, 33, 41, 42, 44, 74, 107]
56: [59, 66, 100]
57: [2, 4, 18, 28, 29, 34, 54, 69, 74]
58: [1, 34, 82, 92]
59: [4, 23, 28, 56, 86, 90]
60: [74, 87, 97]
61: [0, 54, 72, 85]
62: [10, 30, 36, 42, 52, 72, 78, 91]
63: [6, 14, 18, 71, 84, 95]
64: [35, 77, 79, 84, 89]
65: [21, 76, 80, 85]
66: [23, 47, 49, 56, 67, 88]
67: [11, 29, 32, 34, 43, 54, 66]
68: [25, 29, 35, 48, 74]
69: [28, 35, 40, 44, 57, 74, 79, 83, 146]
70: [12, 40, 78, 95]
71: [63, 81, 89]
72: [8, 43, 61, 62, 99]
73: [2, 48, 82, 95, 250]
74: [19, 55, 57, 60, 68, 69, 91, 95]
75: [24, 46, 89]
76: [17, 25, 39, 65, 88]
77: [29, 64]
78: [32, 54, 62, 70, 92, 100]
79: [6, 25, 30, 36, 64, 69, 100]
80: [11, 65]
81: [15, 34, 71, 87, 95, 100]
82: [26, 37, 38, 42, 58, 73, 87, 90]
83: [69]
84: [22, 28, 46, 63, 64]
85: [22, 46, 51, 61, 65, 89, 90]
86: [1, 40, 52, 59]
87: [3, 26, 60, 81, 82, 134]
88: [66, 76]
89: [2, 13, 14, 31, 64, 71, 75, 85]
90: [40, 43, 45, 59, 82, 85]
91: [6, 11, 15, 17, 24, 27, 29, 36, 62, 74]
92: [15, 27, 52, 58, 78, 93, 96, 99]
93: [5, 13, 20, 22, 34, 49, 92]
94: [11, 220]
95: [63, 70, 73, 74, 81]
96: [10, 23, 92, 100]
97: [1, 4, 5, 6, 49, 60]
98: [31, 35, 43, 47]
99: [27, 30, 47, 72, 92]
100: [3, 18, 20, 23, 26, 53, 56, 78, 79, 81, 96, 103, 119, 174, 194]
101: [125, 168, 199]
102: [123, 134, 141, 163, 164]
103: [100, 110, 125, 178, 194]
104: [144, 156, 176]
105: [106, 156]
106: [105, 119, 141, 162, 185]
107: [55, 143, 157, 178, 189, 191, 194, 198]
108: [114, 121, 132, 188]
109: [120, 124, 129, 170, 187]
110: [103, 118, 133, 145, 152, 162]
111: [125, 131, 162]
112: [119, 141, 146, 152, 171, 188]
113: [135, 174, 198]
114: [108, 129, 135, 136, 151, 160]
115: [118, 157, 170, 197]
116: [119, 162, 167, 190, 192]
117: [199]
118: [110, 115, 147, 163, 164, 172, 197]
119: [100, 106, 112, 116, 159, 163, 168]
120: [109, 129, 137, 165, 167]
121: [108, 125, 127, 149, 154, 178, 187, 190]
122: [131, 166, 168, 176, 196]
123: [102, 136, 145, 153, 196]
124: [109, 146, 155, 189, 248]
125: [101, 103, 111, 121, 130, 165, 180, 186]
126: [174, 184, 199]
127: [121, 133, 143, 182, 187, 189]
128: [130, 134, 136, 144, 166, 185, 186]
129: [109, 114, 120, 133, 147, 152, 182]
130: [125, 128, 154, 158, 163]
131: [111, 122, 142]
132: [108, 196]
133: [110, 127, 129, 138, 139, 147, 160, 182, 188, 191]
134: [87, 102, 128, 135, 159, 164]
135: [113, 114, 134, 143, 172, 198]
136: [114, 123, 128, 139, 145, 169, 184, 243]
137: [120, 148, 153, 154, 156, 167]
138: [133, 144, 151, 169, 190]
139: [133, 136, 142, 228]
140: [142, 173, 189]
141: [102, 106, 112, 143, 146, 181, 185, 199]
142: [131, 139, 140, 147, 180]
143: [107, 127, 135, 141]
144: [104, 128, 138, 148, 177, 183]
145: [110, 123, 136]
146: [69, 112, 124, 141]
147: [118, 129, 133, 142, 158, 175]
148: [137, 144, 161, 177]
149: [121, 162, 164, 179, 192]
150: []
151: [114, 138, 155, 200]
152: [110, 112, 129, 166, 172, 180]
153: [123, 137, 164, 170, 243]
154: [121, 130, 137, 172, 183, 197]
155: [124, 151, 165, 175]
156: [104, 105, 137, 177, 179, 187, 195]
157: [107, 115, 164, 183, 199, 202]
158: [130, 147, 164, 175]
159: [119, 134, 190]
160: [114, 133, 178, 196]
161: [148, 179, 198]
162: [106, 110, 111, 116, 149, 164, 171, 189, 192]
163: [102, 118, 119, 130, 173, 181]
164: [102, 118, 134, 149, 153, 157, 158, 162, 169, 180, 196]
165: [120, 125, 155, 169, 187]
166: [122, 128, 152, 169, 198, 200]
167: [116, 120, 137, 199]
168: [101, 119, 122, 175, 183, 192]
169: [136, 138, 164, 165, 166, 187]
170: [109, 115, 153]
171: [112, 162, 177, 190]
172: [118, 135, 152, 154, 184]
173: [140, 163, 195]
174: [100, 113, 126]
175: [147, 155, 158, 168, 181, 189, 199]
176: [104, 122, 177]
177: [144, 148, 156, 171, 176, 179, 190]
178: [103, 107, 121, 160, 186]
179: [149, 156, 161, 177, 185]
180: [125, 142, 152, 164, 181, 182]
181: [5, 141, 163, 175, 180, 182, 193]
182: [127, 129, 133, 180, 181]
183: [144, 154, 157, 168]
184: [126, 136, 172, 199, 200]
185: [106, 128, 141, 179, 188]
186: [125, 128, 178]
187: [109, 121, 127, 156, 165, 169]
188: [108, 112, 133, 185]
189: [107, 124, 127, 140, 162, 175, 197]
190: [116, 121, 138, 159, 171, 177, 193]
191: [107, 133]
192: [116, 149, 162, 168]
193: [181, 190]
194: [100, 103, 107]
195: [156, 173]
196: [122, 123, 132, 160, 164]
197: [115, 118, 154, 189]
198: [107, 113, 135, 161, 166]
199: [101, 117, 126, 141, 157, 167, 175, 184]
200: [151, 166, 184, 249, 255, 275, 279, 288]
201: [207, 243, 265, 280, 289]
202: [32, 157, 213, 229, 268, 295]
203: [230, 252, 256, 257]
204: [222, 225, 231, 243, 244, 250, 264, 266, 271]
205: [250, 252, 296]
206: [227, 231, 283]
207: [201, 226, 283]
208: [242, 249, 286]
209: [46, 212, 238, 268]
210: [260, 268, 288, 298]
211: [230, 243, 257]
212: [209, 232, 245, 279]
213: [202, 229, 245, 255]
214: [217, 234, 249, 251, 264, 294]
215: [216, 233, 295]
216: [215, 246]
217: [214, 231, 238, 272]
218: [240, 259, 287]
219: [231, 247, 266, 283, 294]
220: [94, 250, 251, 268, 279]
221: [250, 291]
222: [204, 226, 273, 284, 285, 288, 293, 296]
223: [230, 233, 278, 284]
224: [227, 233, 247]
225: [204, 254, 270, 275, 276]
226: [207, 222, 231, 289, 298]
227: [206, 224, 231, 232, 234, 257]
228: [139, 231, 232, 237, 245, 262, 265]
229: [202, 213, 230, 235, 244, 291]
230: [24, 203, 211, 223, 229, 269, 275, 295]
231: [204, 206, 217, 219, 226, 227, 228, 259, 265]
232: [212, 227, 228, 238, 292]
233: [215, 223, 224, 253, 262, 271, 294]
234: [214, 227, 236, 245, 267, 276]
235: [229, 268, 270, 277, 291, 293]
236: [234, 250, 292]
237: [228, 261, 268, 284, 294]
238: [14, 209, 217, 232, 254, 274, 280, 289]
239: [243, 261]
240: [218, 250, 281]
241: [243, 248, 265, 279]
242: [208, 251, 262]
243: [136, 153, 201, 204, 211, 239, 241, 268, 281, 295]
244: [204, 229, 246, 256, 276, 286]
245: [212, 213, 228, 234, 295]
246: [216, 244, 251, 284]
247: [219, 224, 270, 283, 285, 286]
248: [124, 241, 281, 289]
249: [200, 208, 214, 250, 295]
250: [73, 204, 205, 220, 221, 236, 240, 249, 258, 279]
251: [214, 220, 242, 246, 272, 274, 287]
252: [203, 205, 257, 260]
253: [233, 257, 281, 286, 289]
254: [225, 238, 257, 298]
255: [200, 213, 268, 298]
256: [203, 244, 264, 280, 281]
257: [203, 211, 227, 252, 253, 254, 275, 284]
258: [250]
259: [218, 231, 275]
260: [210, 252, 265, 268]
261: [237, 239, 265, 279]
262: [228, 233, 242, 290]
263: []
264: [204, 214, 256, 280]
265: [201, 228, 231, 241, 260, 261, 271, 293]
266: [204, 219, 279, 280, 281, 286]
267: [234, 293]
268: [202, 209, 210, 220, 235, 237, 243, 255, 260, 270, 294]
269: [230, 278, 298]
270: [225, 235, 247, 268, 274]
271: [204, 233, 265, 276]
272: [217, 251, 289]
273: [222, 290, 291]
274: [238, 251, 270]
275: [200, 225, 230, 257, 259, 287]
276: [225, 234, 244, 271]
277: [235]
278: [223, 269, 279, 287]
279: [200, 212, 220, 241, 250, 261, 266, 278]
280: [201, 238, 256, 264, 266]
281: [240, 243, 248, 253, 256, 266, 291, 294]
282: []
283: [49, 206, 207, 219, 247, 295]
284: [222, 223, 237, 246, 257, 287, 288]
285: [222, 247, 286]
286: [208, 244, 247, 253, 266, 285]
287: [218, 251, 275, 278, 284]
288: [19, 200, 210, 222, 284]
289: [201, 226, 238, 248, 253, 272]
290: [262, 273]
291: [221, 229, 235, 273, 281, 292, 298, 299]
292: [232, 236, 291]
293: [222, 235, 265, 267]
294: [214, 219, 233, 237, 268, 281]
295: [202, 215, 230, 243, 245, 249, 283]
296: [205, 222]
297: []
298: [210, 226, 254, 255, 269, 291]
299: [291]
